      PIB Headquarters

      ആര്‍മി പൊതുപ്രവേശന പരീക്ഷാഫലം പ്രഖ്യാപിച്ചു
      Posted On: 07 FEB 2017 4:16PM by PIB Thiruvananthpuram


    തിരുവനന്തപുരം ആര്‍മി റിക്രൂട്ടിങ് ഓഫീസ് 2017 ജനുവരി 20, 29 തീയതികളില്‍ നടത്തിയ സോള്‍ജിയര്‍ ജനറല്‍ ഡ്യൂട്ടി, സോള്‍ജിയര്‍ ടെക്ക്‌നിക്കല്‍, സോള്‍ജിയര്‍ നഴ്‌സിങ് അസിസ്റ്റന്റ്, സോള്‍ജിയര്‍ ട്രേഡ്‌സ്‌മെന്‍ (10-ാം ക്ലാസ്സ് വിജയിച്ചവരും 8-ാം ക്ലാസ്സ് വിജയിച്ചവരും) എന്നീ തസ്തികകളിലേയ്ക്കുള്ള കമ്പ്യൂട്ടര്‍വല്‍കൃത/പൊതു പ്രവേശന പരീക്ഷയുടെ ഫലം പ്രഖ്യാപിച്ചു. ഒറിജിനല്‍ സര്‍ട്ടിഫിക്കറ്റുകളുടെ പരിശോധനയ്ക്കായി വിജയികളുടെ റോള്‍ നമ്പരുകള്‍ ഇതോടൊപ്പം കൊടുത്തിരിക്കുന്നു. വിജയിച്ച ഉദ്യോഗാര്‍ത്ഥികള്‍ രേഖകള്‍ കൈപ്പറ്റാനായി 2017 ഫെബ്രുവരി 10-ാം തീയതി 9 മണിക്ക് തിരുവനന്തപുരം ആര്‍മി റിക്രൂട്ടിംഗ് ഓഫീസില്‍ എത്തിച്ചേരണമെന്ന് അറിയിക്കുന്നു. കൂടുതല്‍ വിവരങ്ങള്‍ക്ക് തിരുവനന്തപുരം ആര്‍മി റിക്രൂട്ടിംഗ് ഓഫീസുമായി ബന്ധപ്പെടുക (0471-2351762).
    
    സോള്‍ജിയര്‍ ജനറല്‍ ഡ്യൂട്ടി :
    1003 1006 1008 1009 1010 1011 1014 1015 1022 1023 1026
    1032 1035 1036 1039 1041 1042 1047 1050 1052 1056 1057
    1058 1061 1063 1068 1069 1072 1073 1075 1077 1080 1081
    1083 1086 1088 1096 1098 1100 1101 1109 1110 1111 1113
    1122 1123 1125 1126 1128 1130 1131 1144 1146 1148 1153
    1154 1155 1156 1159 1160 1161 1164 1165 1169 1174 1175
    1176 1177 1178 1181 1182 1183 1185 1186 1187 1188 1189
    1192 1194 1195 1196 1199 1200 1201 1202 1203 1211 1214
    1215 1216 1218 1221 1223 1225 1226 1227 1228 1230 1231
    1232 1234 1235
    സോള്‍ജിയര്‍ ടെക്ക്‌നിക്കല്‍ :
    39501 39502 39503 39505 39506 39508 39509 39510 39512
    39515 39516 39520 39521 39522 39525 39526 39528 39530
    39531 39534 39538 39539 39541 39542 39544 39545 39546
    39547 39548 39549 39552 39553 39557 39559 39562 39563
    39564 39565 39566 39567 39573 39576 39577 39583 39584
    39585 39587 39594 39599 39608 39609 39612 39616 39617
    39626 39630 39632 39633 39635 39636 39637 39642 39643
    39644 39645 39647 39648 39649 39650 39652 39653 39654
    39655 39656 39658 39659
    
    സോള്‍ജിയര്‍ ട്രേഡ്‌സ്‌മെന്‍ (10 പാസ്സ്) :
    54504 54507 54511 54512 54513 54519 54523 54524 54529 54534
    54536 54552 54553 54559 54570 54573 54575 54578 54579 54583
    54593 54597 54600 54601 54605 54606
    
    സോള്‍ജിയര്‍ ട്രേഡ്‌സ്‌മെന്‍ (8 പാസ്സ്) :
    53001 53003 53004 53005 53006 53010 53013 53017 53018 53023
    53026 53030 53032 53033 53035 53040
    
    സോള്‍ജിയര്‍ ടെക്ക്‌നിക്കല്‍ നഴ്‌സിങ് അസിസ്റ്റന്റ് :
    50002 50012 50014 50015 50017 50020 50023 50027 50028 50030
    50033 50043 50044 50053 50057 50064 50076 50077 50078 50083
    
    സോള്‍ജിയര്‍ ടെക്ക്‌നിക്കല്‍ ഡ്രെസ്സര്‍ :
    50003 50011 50036 50037
    

    
    (Release ID: 1482002) Visitor Counter : 3